-0.0884994
-0.0544603
0.0231496
0.0831968
0.0799327
0.0145486
-0.0657034
-0.0935767
-0.0488652
0.034963
0.0914862
0.0773416
0.00330646
-0.0764172
-0.0968407
-0.0410881
0.0486919
0.0985322
0.0750624
-0.00809111
-0.0883961
-0.0986541
-0.0310424
0.0601414
0.104905
0.069001
-0.0221843
-0.0975142
-0.0968403
-0.0184532
0.0726282
0.107236
0.059519
-0.037312
-0.105737
-0.0921259
-0.00529319
0.0844403
0.108013
0.0476032
-0.0521289
-0.11171
-0.0852356
0.0106123
0.0951131
0.104231
0.0338714
-0.0663206
-0.113575
-0.0718169
0.0271389
0.102781
0.0986876
0.0185903
-0.0776713
-0.113627
-0.0583981
0.0432
0.107184
0.0891027
0.00195933
-0.0896913
-0.109897
-0.0435285
0.0564634
0.109568
0.0788443
-0.0142054
-0.0981808
-0.103257
-0.0275718
0.0699284
0.1105
0.0667731
-0.0305248
-0.10456
-0.0958045
-0.010889
0.0807617
0.108169
0.0534579
-0.0461197
-0.108809
-0.0861678
0.00434319
0.0895175
0.103143
0.0388474
-0.0594348
-0.111037
-0.074298
0.0203007
0.0955203
0.0972817
0.023616
-0.0711433
-0.108653
-0.0610923
0.0355321
0.100553
0.0893101
0.00828022
-0.0811944
-0.105441
-0.0473108
0.0478629
0.102884
0.080036
-0.00684833
-0.0880301
-0.100519
-0.032908
0.0605561
0.102677
0.0675501
-0.0209921
-0.0938877
-0.0927477
-0.0184523
0.0692602
0.101015
0.0568235
-0.0333744
-0.097048
-0.0838365
-0.00430914
0.0761507
0.0968224
0.043355
-0.0459642
-0.0982878
-0.073731
0.00942019
0.0830382
0.0922632
0.0298848
-0.0562741
-0.097307
-0.0622838
0.021492
0.0855799
0.0834037
0.0172427
-0.0636829
-0.0931087
-0.049745
0.0325272
0.087029
0.0750625
0.00584518
-0.0689661
-0.0880833
-0.0376744
0.0418529
0.0863052
0.064597
-0.00617438
-0.0721783
-0.0805208
-0.025499
0.0483286
0.0837658
0.0539238
-0.016329
-0.0735777
-0.0726969
-0.0149818
0.0535095
0.0794142
0.0437695
-0.024774
-0.0731114
-0.0626979
-0.00410193
0.0570325
0.0725234
0.0336148
-0.0321307
-0.0701585
-0.0539422
0.00460194
0.0571361
0.0638196
0.0234603
-0.0356537
-0.0657545
-0.0426477
0.0123732
0.0574469
0.0569288
0.0136683
-0.0387622
-0.0595375
-0.0332707
0.0186419
0.0539234
0.0489498
0.00563797
-0.0391252
-0.0524401
-0.0234783
0.0218023
0.0491061
0.039158
-0.000268201
-0.0379854
-0.0437354
-0.0155516
0.0242377
0.0443389
0.0297294
-0.00524167
-0.0336334
-0.0354985
-0.00845402
0.0242895
0.0358947
0.0217507
-0.00949027
-0.0295922
-0.0259646
-0.00306573
0.02087
0.0296258
0.0141348
-0.00949023
-0.0243077
-0.0187641
0.00107891
0.0187459
0.0219572
0.0086948
-0.00964529
-0.0178827
-0.0109409
0.00284039
0.0155855
0.0143939
0.00361753
-0.00679616
-0.0111481
-0.00575992
0.00423909
0.0107672
0.00874665
0.00144156
-0.00410208
-0.00581176
-0.00151149
0.00382449
0.00589715
0.00455014
0.000716257
-0.00239236
-0.00171883
-0.000993505
0.00164878
0.00325487
0.00237411
-0.00145977
